396
-18 4 -5 1
-18 4 -3 1
-18 5 -5 1
-17 3 -7 1
-17 4 -7 1
-17 4 -6 1
-17 4 -3 1
-17 4 -2 1
-16 4 -8 1
-16 4 -7 1
-16 4 -6 1
-16 4 -5 1
-16 4 -4 1
-16 4 -3 1
-16 4 -1 1
-16 5 -7 1
-15 -1 1 1
-15 -1 2 1
-15 -1 3 1
-15 -1 4 1
-15 0 1 1
-15 0 2 1
-15 0 3 1
-15 0 4 1
-15 4 -8 1
-15 4 -7 1
-15 4 -6 1
-15 4 -5 1
-15 4 -4 1
-15 4 -3 1
-15 5 -7 1
-15 6 -7 1
-14 -1 1 1
-14 -1 2 1
-14 -1 3 1
-14 -1 4 1
-14 4 -8 1
-14 4 -7 1
-14 4 -3 1
-14 5 -3 1
-13 -1 1 1
-13 -1 2 1
-13 -1 3 1
-13 -1 4 1
-13 4 -8 1
-13 4 -7 1
-13 4 -6 1
-13 4 -5 1
-13 4 -4 1
-13 4 -1 1
-13 5 -4 1
-12 -1 1 1
-12 -1 2 1
-12 -1 3 1
-12 -1 4 1
-12 4 -7 1
-12 4 -6 1
-12 4 -3 1
-11 -1 1 1
-11 -1 2 1
-11 -1 3 1
-11 -1 4 1
-11 4 -5 1
-11 4 -4 1
-11 4 -3 1
-11 4 -2 1
-10 -1 1 1
-10 -1 2 1
-10 -1 3 1
-10 -1 4 1
-10 3 -2 1
-10 4 -3 1
-10 4 -1 1
-10 5 -1 1
-9 -1 1 1
-9 -1 2 1
-9 -1 3 1
-9 -1 4 1
-9 3 -2 1
-8 -1 1 1
-8 -1 2 1
-8 -1 3 1
-8 -1 4 1
-8 1 -2 1
-8 2 -2 1
-7 -1 1 1
-7 -1 2 1
-7 -1 3 1
-7 -1 4 1
-7 0 -2 1
-6 -1 1 1
-6 -1 2 1
-6 -1 3 1
-6 -1 4 1
-6 -1 5 1
-6 -1 6 1
-6 -1 7 1
-6 -1 8 1
-6 -1 9 1
-6 0 6 3
-6 1 -2 1
-6 1 6 3
-6 2 6 3
-5 -2 12 1
-5 -2 13 1
-5 -2 14 1
-5 -2 15 1
-5 -1 1 1
-5 -1 2 1
-5 -1 3 1
-5 -1 4 1
-5 -1 5 1
-5 -1 6 1
-5 -1 7 1
-5 -1 8 1
-5 -1 9 1
-5 -1 10 1
-5 -1 11 1
-5 -1 12 1
-5 -1 13 1
-5 -1 14 1
-5 -1 15 1
-5 0 6 3
-5 1 -2 1
-5 1 6 3
-5 2 6 3
-5 3 -1 1
-4 -2 12 1
-4 -2 13 1
-4 -2 14 1
-4 -2 15 1
-4 -1 1 1
-4 -1 2 1
-4 -1 3 1
-4 -1 4 1
-4 -1 5 1
-4 -1 6 1
-4 -1 7 1
-4 -1 8 1
-4 -1 9 1
-4 -1 10 1
-4 -1 11 1
-4 -1 12 1
-4 -1 13 1
-4 -1 14 1
-4 -1 15 1
-4 0 6 3
-4 1 -2 1
-4 1 6 3
-4 2 6 3
-3 -3 13 1
-3 -3 14 1
-3 -3 15 1
-3 -2 11 1
-3 -2 12 1
-3 -2 13 1
-3 -2 14 1
-3 -2 15 1
-3 -1 1 1
-3 -1 2 1
-3 -1 3 1
-3 -1 4 1
-3 -1 5 1
-3 -1 6 1
-3 -1 7 1
-3 -1 8 1
-3 -1 9 1
-3 -1 10 1
-3 -1 11 1
-3 -1 15 1
-3 1 -2 1
-2 -3 12 1
-2 -3 13 1
-2 -3 14 1
-2 -3 15 1
-2 -2 11 3
-2 -2 15 1
-2 -1 0 1
-2 -1 1 1
-2 -1 2 1
-2 -1 3 1
-2 -1 4 1
-2 -1 5 1
-2 -1 6 1
-2 -1 7 1
-2 -1 8 1
-2 -1 9 1
-2 -1 10 1
-2 -1 11 3
-2 -1 15 1
-2 0 0 1
-2 1 -2 1
-2 1 0 1
-1 -3 12 1
-1 -3 13 1
-1 -3 14 1
-1 -3 15 1
-1 -2 11 3
-1 -2 12 3
-1 -2 14 3
-1 -2 15 3
-1 -1 -1 1
-1 -1 0 1
-1 -1 1 1
-1 -1 2 1
-1 -1 3 1
-1 -1 4 1
-1 -1 5 1
-1 -1 6 1
-1 -1 7 1
-1 -1 8 1
-1 -1 9 1
-1 -1 11 3
-1 -1 12 3
-1 -1 14 3
-1 -1 15 3
-1 0 11 2
-1 0 12 3
-1 0 13 3
-1 0 14 3
-1 0 15 2
-1 1 -2 1
-1 4 0 1
0 -3 12 1
0 -3 13 1
0 -3 14 1
0 -3 15 1
0 -2 4 2
0 -2 11 3
0 -2 15 3
0 -1 -4 1
0 -1 -3 1
0 -1 -2 1
0 -1 -1 1
0 -1 0 1
0 -1 1 1
0 -1 2 1
0 -1 3 1
0 -1 4 1
0 -1 5 1
0 -1 6 1
0 -1 7 1
0 -1 8 1
0 -1 9 1
0 -1 11 3
0 -1 15 3
0 0 -2 1
0 0 1 3
0 0 2 3
0 0 3 3
0 0 11 3
0 0 15 3
0 1 -2 1
0 1 1 3
0 1 2 3
0 1 3 3
0 2 1 3
0 2 2 3
0 2 3 3
1 -4 3 2
1 -3 3 2
1 -3 4 2
1 -3 12 1
1 -3 13 1
1 -3 14 1
1 -3 15 1
1 -2 0 1
1 -2 3 2
1 -2 4 2
1 -2 11 3
1 -2 15 3
1 -1 -4 1
1 -1 -3 1
1 -1 -2 1
1 -1 -1 1
1 -1 0 1
1 -1 1 1
1 -1 2 1
1 -1 3 1
1 -1 4 1
1 -1 5 1
1 -1 6 1
1 -1 7 1
1 -1 8 1
1 -1 9 1
1 0 -3 2
1 0 -2 1
1 0 1 3
1 0 3 3
1 0 11 3
1 0 15 3
1 1 -2 1
1 1 1 3
1 1 3 3
1 2 1 3
1 2 3 3
2 -4 3 2
2 -3 1 2
2 -3 2 2
2 -3 4 2
2 -3 11 1
2 -3 12 1
2 -3 13 1
2 -3 14 1
2 -3 15 1
2 -2 -4 1
2 -2 4 2
2 -2 11 3
2 -2 15 3
2 -1 -3 1
2 -1 -2 1
2 -1 -1 1
2 -1 0 1
2 -1 2 1
2 -1 3 1
2 -1 4 1
2 -1 11 3
2 -1 15 3
2 0 -3 3
2 0 -2 1
2 0 1 3
2 0 11 3
2 0 15 3
2 1 -2 1
2 1 1 3
2 2 1 3
3 -4 -4 1
3 -3 -4 1
3 -3 3 2
3 -3 4 2
3 -3 11 1
3 -3 12 1
3 -3 13 1
3 -3 14 1
3 -3 15 1
3 -2 -4 1
3 -2 3 2
3 -2 4 2
3 -2 11 3
3 -2 12 3
3 -2 13 3
3 -2 14 3
3 -2 15 3
3 -1 -3 1
3 -1 -2 1
3 -1 -1 1
3 -1 0 1
3 -1 1 1
3 -1 2 3
3 -1 3 1
3 -1 4 1
3 -1 11 3
3 -1 12 3
3 -1 14 3
3 -1 15 3
3 0 -3 3
3 0 -2 3
3 0 -1 3
3 0 11 2
3 0 12 3
3 0 13 3
3 0 14 3
3 0 15 2
3 1 -2 1
3 5 0 1
3 18 0 1
3 20 0 1
3 22 0 1
3 24 0 1
3 25 0 1
3 27 0 1
4 -1 -2 1
4 -1 -1 1
4 -1 0 1
4 -1 1 1
4 -1 2 1
4 -1 3 1
4 -1 4 3
4 -1 5 3
4 -1 6 3
4 -1 7 3
4 -1 8 3
4 -1 9 3
4 7 0 1
4 8 0 1
5 -1 -1 1
5 -1 0 1
5 -1 1 1
5 -1 2 1
5 -1 3 1
5 -1 4 1
6 3 3 1
6 4 5 1
7 5 4 1
8 3 6 1
9 3 6 1
